1.7       -77.1450716366204
1.8       -77.3144980282514
1.9       -77.4383444490002
2.0       -77.5271408110640
2.1       -77.5892672726001
2.2       -77.6308866880254
2.3       -77.6568461643273
2.35      -77.6653234867948
2.4       -77.6711152005115
2.45      -77.6747075800367
2.5       -77.6763565449926
2.55      -77.6763923710691
2.6       -77.6749694021061
2.65      -77.6723739810924
2.7       -77.6687497155699
2.8	  -77.6588354650709 
2.9	  -77.6467855898295 
3.0	  -77.6332092033041 
3.2	  -77.6034056714597 
3.4	  -77.5734064407533 
3.6	  -77.5448243396651 
3.8	  -77.5187706231788 
4.0	  -77.4955519438383 
4.2	  -77.4752581236783 
4.4	  -77.4577891218497 
4.6	  -77.4433715263053 
4.8	  -77.4315841090249 
5.0	  -77.4223605811175 
5.2	  -77.4167296465024 
5.4	  -77.4143948214106 
5.6	  -77.4136320251819 
5.8	  -77.4135972676772 
6.0	  -77.4136877423865 
6.2	  -77.4139171972085 
6.4	  -77.4141263373017 
6.6	  -77.4142643007053 
6.8	  -77.4143530446914 
7.0	  -77.4144484434652 
7.2	  -77.4145172632581 
7.4	  -77.4145510958762 
7.6	  -77.4145414984403 
7.8	  -77.4145235766303 
8.0	  -77.4145743170295 
9.0	  -77.4146059065153 
10.0	  -77.4147076666694 
11.0	  -77.4149153228073 
12.0	  -77.4150136871918 
