1.0	  -3.01136267162317 
1.1	  -3.31000860491859 
1.2	  -3.52013845777895 
1.3	  -3.66666114697357 
1.4	  -3.76683008782168 
1.5	  -3.83292118882612 
1.6	  -3.87375972991879 
1.7	  -3.89582857973133 
1.75	  -3.90139446092912 
1.8	  -3.90399155104360 
1.85	  -3.90404465217102 
1.9	  -3.90192206091645 
1.95	  -3.89794563246051 
2.0	  -3.89239347958931 
2.05	  -3.88551079459158 
2.1	  -3.87751097853558 
2.15	  -3.86857933298478 
2.2	  -3.85888265325073 
2.25	  -3.84856235341193 
2.3	  -3.83774578467844 
2.4	  -3.81506312105981 
2.5	  -3.79157867945248 
2.6	  -3.76787784007809 
2.7	  -3.74442427448731 
2.8	  -3.72157346502761 
2.9	  -3.69960832408885 
3.0	  -3.67874107746193 
3.1	  -3.65912527575428 
3.2	  -3.64086929805783 
3.3	  -3.62402863682660 
3.4	  -3.60862465851324 
3.5	  -3.59464538286666 
3.6	  -3.58205032931403 
3.7	  -3.57077800523950 
3.8	  -3.56075164827544 
3.9	  -3.55188318640515 
4.0	  -3.54407878469812 
4.1	  -3.53724343841386 
4.2	  -3.53127947878609 
4.3	  -3.52609894845271 
4.4	  -3.52161111983604 
4.5	  -3.51773517861695 
4.6	  -3.51439656522498 
4.7	  -3.51152755812773 
4.8	  -3.50906714933750 
4.9	  -3.50696110950945 
5.0	  -3.50516132673975 
5.1	  -3.50362570590016 
5.2	  -3.50231720251734 
5.3	  -3.50120380138727 
5.4	  -3.50025743338035 
5.5	  -3.49945376744927 
5.6	  -3.49877198339996 
5.7	  -3.49819392041950 
5.8	  -3.49770421325787 
5.9	  -3.49728952394438 
6.0	  -3.49693841591193 
6.1	  -3.49664127496408 
6.2	  -3.49638969379383 
6.3	  -3.49617676158703 
6.4	  -3.49599646710364 
6.5	  -3.49584375425855 
6.6	  -3.49571430714605 
6.7	  -3.49560458145380 
6.8	  -3.49551141019658 
6.9	  -3.49543227979216 
7.0	  -3.49536493940917 
7.5	  -3.49493106294642 
8.0	  -3.49495316406856 
8.5	  -3.49495939915032 
9.0	  -3.49495769470840 
9.5	  -3.49495594772656 
10.0	  -3.49495162683486 
