0.6	  -75.1980939858273 
0.65	  -75.3275771330999 
0.7	  -75.4163126047781 
0.75	  -75.4761027425812 
0.8	  -75.5151978853644 
0.85	  -75.5394556457581 
0.9	  -75.5530517227304 
0.95	  -75.5590087879397 
1.0	  -75.5595205325863 
1.05	  -75.5561960685881 
1.1	  -75.5502260113478 
1.15	  -75.5424872764740 
1.2	  -75.5336390629971 
1.25	  -75.5241624653017 
1.3	  -75.5144241318239 
1.35	  -75.5047001335259 
1.4	  -75.4952048294287 
1.45	  -75.4860889957659 
1.5	  -75.4774610820984 
1.6	  -75.4619198580009 
1.7	  -75.4489136721457 
1.8	  -75.4384581181722 
1.9	  -75.4302904771202 
2.0	  -75.4240974842378 
2.1	  -75.4195022165732 
2.2	  -75.4161345821366 
2.3	  -75.4136742796354 
2.4	  -75.4118656831048 
2.5	  -75.4105226426072 
2.6	  -75.4095112150373 
2.7	  -75.4087393785320 
2.8	  -75.4081466165387 
2.9	  -75.4076896474003 
3.0	  -75.4073391836279 
3.1	  -75.4070780554713 
3.2	  -75.4068947590754 
3.3	  -75.4067859917325 
3.4	  -75.4067399574433 
3.5	  -75.4067278702211 
3.6	  -75.4067207232470 
3.7	  -75.4067063016534 
3.8	  -75.4066829814787 
3.9	  -75.4066575568387 
4.0	  -75.4066313481664 
4.1	  -75.4066073062600 
4.2	  -75.4065867958938 
4.3	  -75.4065687813645 
4.4	  -75.4065533447291 
4.5	  -75.4065406827288 
5.0	  -75.4065043218594 
5.5	  -75.4064923184172 
6.0	  -75.4064864040144 
6.5	  -75.4064830500331 
7.0	  -75.4064808958695 
7.5	  -75.4064773745296 
8.0	  -75.4064755898432 
