0.6	  -75.1980819011056 
0.65	  -75.3275599723487 
0.7	  -75.4162920494423 
0.75	  -75.4760701478025 
0.8	  -75.5151640955080 
0.85	  -75.5394161986119 
0.9	  -75.5530087514954 
0.95	  -75.5589639218066 
1.0	  -75.5594805405468 
1.05	  -75.5561644891687 
1.1	  -75.5502088231246 
1.15	  -75.5424869414018 
1.2	  -75.5336554468055 
1.25	  -75.5242003885436 
1.3	  -75.5144920027529 
1.35	  -75.5048014001535 
1.4	  -75.4953451609988 
1.45	  -75.4862663185256 
1.5	  -75.4776815585153 
1.6	  -75.4622472844007 
1.7	  -75.4493417944239 
1.8	  -75.4389661649801 
1.9	  -75.4308786519581 
2.0	  -75.4247890309679 
2.1	  -75.4203134163110 
2.2	  -75.4170983280881 
2.3	  -75.4148111139196 
2.4	  -75.4131888464473 
2.5	  -75.4120385332968 
2.6	  -75.4112220417627 
2.7	  -75.4106334708292 
2.8	  -75.4101959260516 
2.9	  -75.4098873280377 
3.0	  -75.4096550196879 
3.1	  -75.4094950860334 
3.2	  -75.4093714703155 
3.3	  -75.4093040983066 
3.4	  -75.4092638687913 
3.5	  -75.4092421943321 
3.6	  -75.4092303510465 
3.7	  -75.4092171263874 
3.8	  -75.4092047584898 
3.9	  -75.4091954670887 
4.0	  -75.4091871153592 
4.1	  -75.4091766748551 
4.2	  -75.4091722853219 
4.3	  -75.4091671646008 
4.4	  -75.4091615376284 
4.5	  -75.4091584724366 
5.0	  -75.4091516440642 
5.5	  -75.4091506153712 
6.0	  -75.4091487399594 
6.5	  -75.4091480081346 
7.0	  -75.4091467149394 
7.5	  -75.4091454401118 
8.0	  -75.4091445506450 
