0.6	  -75.1980646825562 
0.65	  -75.3275425269484 
0.7	  -75.4162730247063 
0.75	  -75.4760516290658 
0.8	  -75.5151443924320 
0.85	  -75.5393945092892 
0.9	  -75.5529899908648 
0.95	  -75.5589446201579 
1.0	  -75.5594605839908 
1.05	  -75.5561458573882 
1.1	  -75.5501878401481 
1.15	  -75.5424659035302 
1.2	  -75.5336339569925 
1.25	  -75.5241816694715 
1.3	  -75.5144728648168 
1.35	  -75.5047874107179 
1.4	  -75.4953313059934 
1.45	  -75.4862591925269 
1.5	  -75.4776767146297 
1.6	  -75.4622587610087 
1.7	  -75.4493741181459 
1.8	  -75.4390126666377 
1.9	  -75.4309630197788 
2.0	  -75.4249065286317 
2.1	  -75.4204684752373 
2.2	  -75.4172852707062 
2.3	  -75.4150271950303 
2.4	  -75.4134379270351 
2.5	  -75.4123161173145 
2.6	  -75.4115185098685 
2.7	  -75.4109488715828 
2.8	  -75.4105346612422 
2.9	  -75.4102348069392 
3.0	  -75.4100149441310 
3.1	  -75.4098545235341 
3.2	  -75.4097373602048 
3.3	  -75.4096521798328 
3.4	  -75.4095914457838 
3.5	  -75.4095473888828 
3.6	  -75.4095144143187 
3.7	  -75.4094893994180 
3.8	  -75.4094688329337 
3.9	  -75.4094532529029 
4.0	  -75.4094407796969 
4.1	  -75.4094309975706 
4.2	  -75.4094232654644 
4.3	  -75.4094180454370 
4.4	  -75.4094136407214 
4.5	  -75.4094105195107 
5.0	  -75.4094039650031 
5.5	  -75.4094030851099 
6.0	  -75.4094014865058 
6.5	  -75.4094009949611 
7.0	  -75.4094016253165 
7.5	  -75.4094007357552 
8.0	  -75.4094004869177 
