0.6	  -75.1980687282947 
0.65	  -75.3275461206967 
0.7	  -75.4162770395776 
0.75	  -75.4760556451658 
0.8	  -75.5151466104630 
0.85	  -75.5393982648143 
0.9	  -75.5529921643535 
0.95	  -75.5589473245604 
1.0	  -75.5594618105661 
1.05	  -75.5561469955392 
1.1	  -75.5501896810418 
1.15	  -75.5424679796563 
1.2	  -75.5336362727643 
1.25	  -75.5241835081110 
1.3	  -75.5144770057781 
1.35	  -75.5047935682062 
1.4	  -75.4953401808883 
1.45	  -75.4862690466860 
1.5	  -75.4776894105510 
1.6	  -75.4622750509521 
1.7	  -75.4493884655695 
1.8	  -75.4390208274810 
1.9	  -75.4309661003806 
2.0	  -75.4249043787873 
2.1	  -75.4204634932036 
2.2	  -75.4172768025172 
2.3	  -75.4150197349007 
2.4	  -75.4134294191324 
2.5	  -75.4123073694852 
2.6	  -75.4115092175503 
2.7	  -75.4109391078272 
2.8	  -75.4105251419556 
2.9	  -75.4102247758630 
3.0	  -75.4100037306250 
3.1	  -75.4098420530001 
3.2	  -75.4097220779439 
3.3	  -75.4096335224204 
3.4	  -75.4095674202857 
3.5	  -75.4095173001199 
3.6	  -75.4094804151626 
3.7	  -75.4094508302017 
3.8	  -75.4094284381647 
3.9	  -75.4094113834292 
4.0	  -75.4093989901423 
4.1	  -75.4093879523952 
4.2	  -75.4093799666832 
4.3	  -75.4093743373855 
4.4	  -75.4093701219518 
4.5	  -75.4093668303805 
5.0	  -75.4093597475562 
5.5	  -75.4093580127445 
6.0	  -75.4093579058500 
6.5	  -75.4093572121974 
7.0	  -75.4093576156807 
7.5	  -75.4093571520802 
8.0	  -75.4093567582323 
