0.6	  -75.1980694806797 
0.65	  -75.3275469157339 
0.7	  -75.4162780093796 
0.75	  -75.4760568953455 
0.8	  -75.5151479211150 
0.85	  -75.5393997246105 
0.9	  -75.5529937750148 
0.95	  -75.5589490156751 
1.0	  -75.5594636018412 
1.05	  -75.5561487127937 
1.1	  -75.5501917557604 
1.15	  -75.5424695959039 
1.2	  -75.5336377929404 
1.25	  -75.5241855845638 
1.3	  -75.5144787553514 
1.35	  -75.5047952432874 
1.4	  -75.4953408152754 
1.45	  -75.4862692613240 
1.5	  -75.4776899775127 
1.6	  -75.4622754945789 
1.7	  -75.4493887110834 
1.8	  -75.4390218946361 
1.9	  -75.4309686504778 
2.0	  -75.4249064892693 
2.1	  -75.4204684484966 
2.2	  -75.4172811459523 
2.3	  -75.4150247958223 
2.4	  -75.4134340494013 
2.5	  -75.4123111565121 
2.6	  -75.4115156047570 
2.7	  -75.4109422320554 
2.8	  -75.4105281330893 
2.9	  -75.4102272036005 
3.0	  -75.4100079457324 
3.1	  -75.4098461178559 
3.2	  -75.4097284921663 
3.3	  -75.4096457235630 
3.4	  -75.4095831082966 
3.5	  -75.4095379540015 
3.6	  -75.4095067415043 
3.7	  -75.4094816716634 
3.8	  -75.4094601902598 
3.9	  -75.4094444269340 
4.0	  -75.4094323013608 
4.1	  -75.4094230232469 
4.2	  -75.4094164999036 
4.3	  -75.4094105360538 
4.4	  -75.4094051602908 
4.5	  -75.4094033054847 
5.0	  -75.4093965986107 
5.5	  -75.4093955262545 
6.0	  -75.4093962706175 
6.5	  -75.4093942289529 
7.0	  -75.4093944239832 
7.5	  -75.4093940576149 
8.0	  -75.4093936024608 
