0.6	  -75.1980950806032 
0.65	  -75.3275783851824 
0.7	  -75.4163140292944 
0.75	  -75.4761043726667 
0.8	  -75.5151997377945 
0.85	  -75.5394577493818 
0.9	  -75.5530541113615 
0.95	  -75.5590114996549 
1.0	  -75.5595236060167 
1.05	  -75.5561995485785 
1.1	  -75.5502299495602 
1.15	  -75.5424917441689 
1.2	  -75.5336441572500 
1.25	  -75.5241682763353 
1.3	  -75.5144307763821 
1.35	  -75.5047077495798 
1.4	  -75.4952136041553 
1.45	  -75.4860991488504 
1.5	  -75.4774728599204 
1.6	  -75.4619356369302 
1.7	  -75.4489347950100 
1.8	  -75.4384861460556 
1.9	  -75.4303262238752 
2.0	  -75.4241412303034 
2.1	  -75.4195535649206 
2.2	  -75.4161926338776 
2.3	  -75.4137379397700 
2.4	  -75.4119338971719 
2.5	  -75.4105945404191 
2.6	  -75.4095861233086 
2.7	  -75.4088168002979 
2.8	  -75.4082262088804 
2.9	  -75.4077711685947 
3.0	  -75.4074224810247 
3.1	  -75.4071630886971 
3.2	  -75.4069816120885 
3.3	  -75.4068749070983 
3.4	  -75.4068311911179 
3.5	  -75.4068214191610 
3.6	  -75.4068162644991 
3.7	  -75.4068033961459 
3.8	  -75.4067812302262 
3.9	  -75.4067566849541 
4.0	  -75.4067311549023 
4.1	  -75.4067076568018 
4.2	  -75.4066875987388 
4.3	  -75.4066699580272 
4.4	  -75.4066548358232 
4.5	  -75.4066424473287 
5.0	  -75.4066070062085 
5.5	  -75.4065955124314 
6.0	  -75.4065899021464 
6.5	  -75.4065867596260 
7.0	  -75.4065847719286 
7.5	  -75.4065813746301 
8.0	  -75.4065797039829 
