0.7	  -90.6353316792466 
0.75	  -91.1537406276362 
0.8	  -91.5386533625421 
0.85	  -91.8221020496387 
0.9	  -92.0289250823245 
0.95	  -92.1931143703166 
1.0	  -92.2760300683580 
1.05	  -92.3281222864616 
1.1	  -92.3577383410274 
1.15	  -92.3707264964490 
1.2	  -92.3715359754147 
1.25	  -92.3640710751432 
1.3	  -92.3509347317942 
1.35	  -92.3347314788293 
1.4	  -92.3179062903971 
1.45	  -92.3032586050081 
1.5	  -92.2883779743772 
1.6	  -92.2378996395468 
1.7	  -92.2302517771747 
1.8	  -92.2176912212850 
1.9	  -92.1933901434367 
2.0	  -92.1732912999599 
2.1	  -92.1594761090210 
2.2	  -92.1480060519253 
2.3	  -92.1379584933786 
2.4	  -92.1275781272106 
2.5	  -92.1174154273576 
2.6	  -92.0920708066987 
2.7	  -92.0954526965910 
2.8	  -92.1319287253222 
2.9	  -92.0829953186536 
3.0	  -92.1152873284660 
3.1	  -92.1164772792878 
3.2	  -92.1160394900715 
3.3	  -92.1157265035299 
3.4	  -92.1175369268184 
3.5	  -92.1199287536197 
3.6	  -92.1170621205071 
3.7	  -92.1176341798538 
3.8	  -92.1180474986272 
3.9	  -92.1183053588588 
4.0	  -92.1244881873487 
4.1	  -92.1187610463828 
4.2	  -92.1254417481442 
4.3	  -92.1189979173608 
4.4	  -92.0612666996074 
4.5	  -92.1191270549320 
4.6	  -92.1192171211861 
4.7	  -92.0599607492833 
4.8	  -92.1261817868988 
4.9	  -92.1191254200190 
5.0	  -92.1190098574032 
5.1	  -92.1190124254684 
5.2	  -92.1189667829496 
5.3	  -92.1189304741005 
5.4	  -92.0581491857774 
5.5	  -92.1188416840047 
5.6	  -92.1188446704029 
5.7	  -92.1187950403473 
5.8	  -92.1187196772861 
