0.7	  -90.8295888303594 
0.75	  -91.2982633006142 
0.8	  -91.6428378689603 
0.85	  -91.8925873891975 
0.9	  -92.0702595185581 
0.95	  -92.1933515006369 
1.0	  -92.2847891746005 
1.05	  -92.3565842135243 
1.1	  -92.4036527090752 
1.15	  -92.4322601760085 
1.2	  -92.4471322192049 
1.25	  -92.4519392045413 
1.3	  -92.4495076440928 
1.35	  -92.4421901229429 
1.4	  -92.4307721870057 
1.45	  -92.4175981729206 
1.5	  -92.4028119411100 
1.6	  -92.3700640586087 
1.7	  -92.3422095937561 
1.8	  -92.3144942830310 
1.9	  -92.2622633300915 
2.0	  -92.2595423595619 
2.1	  -92.2455178016411 
2.2	  -92.2381522396869 
2.3	  -92.2304077379443 
2.4	  -92.2251471400362 
2.5	  -92.1910751308111 
2.6	  -92.2210432968301 
2.7	  -92.2200764479946 
2.8	  -92.2191186093737 
2.9	  -92.2180603849967 
3.0	  -92.2171695635935 
3.1	  -92.2157517376923 
3.2	  -92.2137684838586 
3.3	  -92.2126040366623 
3.4	  -92.2146744476367 
3.5	  -92.2185252139136 
3.6	  -92.2209088047125 
3.7	  -92.2222802856094 
3.8	  -92.2229438985182 
3.9	  -92.2234689141850 
4.0	  -92.2236569511926 
4.1	  -92.2238137944305 
4.2	  -92.1217017707460 
4.3	  -92.2239592439752 
4.4	  -92.2233874799581 
4.5	  -92.2240688237383 
4.6	  -92.2237477947539 
4.7	  -92.2241741331554 
4.8	  -92.2242079493999 
4.9	  -92.2241593768621 
5.0	  -92.2240429338012 
5.1	  -92.2241321327452 
5.2	  -92.2239811269758 
5.3	  -92.2240572265819 
5.4	  -92.2240412850395 
5.5	  -92.2240765874815 
5.6	  -92.2240515720217 
