3.8	  -77.4541174888867 
4.0	  -77.4471599618421 
4.2	  -77.3843339615442 
4.4	  -77.3570475033968 
4.6	  -77.3538429762756 
4.8	  -77.3520800948122 
5.0	  -77.3511173072038 
5.2	  -77.3509051094666 
5.4	  -77.3513616008781 
5.6	  -77.3493118420611 
5.8	  -77.3492510855664 
6.0	  -77.3498884692528 
6.2	  -77.3517398400804 
6.4	  -77.3525022840633 
6.6	  -77.3535528190705 
6.8	  -77.3545319523212 
7.0	  -77.3552109653189 
7.2	  -77.3556545162408 
7.4	  -77.3560135659339 
7.6	  -77.3563353440902 
7.8	  -77.3566246557514 
8.0	  -77.3568581406677 
9.0	  -77.3580033406366 
10.0	  -77.3612470154986 
11.0	  -77.3681064448756 
12.0	  -77.3700824470007 
