3.6	  -77.4082614512474 
3.8	  -77.3868928755034 
4.0	  -77.3656405322968 
4.2	  -77.3487676776001 
4.4	  -77.3589738070866 
4.6	  -77.3700418161138 
4.8	  -77.3789503380867 
5.0	  -77.3859599952846 
5.2	  -77.3915624769946 
5.4	  -77.3960786593298 
5.6	  -77.3963737801144 
5.8	  -77.3981923550318 
6.0	  -77.4028223498466 
6.2	  -77.4077086354809 
6.4	  -77.4095851047403 
6.6	  -77.4108778489659 
6.8	  -77.4118920419327 
7.0	  -77.4125655944134 
7.2	  -77.4129705021150 
7.4	  -77.4132809942882 
7.6	  -77.4135667209209 
7.8	  -77.4138574750206 
8.0	  -77.4141158394253 
9.0	  -77.4160249213612 
10.0	  -77.4188027038216 
11.0	  -77.4236967256842 
12.0	  -77.2906342991270 
